Pcp_File_Version=4
*** BLOCK A: BASIC INFORMATION ***************************************************
Created with Pydrus version 0.2.0
None
LUnit TUnit MUnit
mm
days
mmol
lWat  lChem  lTemp  lSink  lRoot  lShort  lWDep  lScreen  AtmInf  lEquil  lInverse  
t  f  f  t  t  t  f  f  t  t  f
lSnow  lHP1  lMeteo  lVapor  lActRSU  lFlux  lIrrig  
f  f  f  f  f  f  f
NMat NLay CosAlfa 
3 1 1
*** BLOCK B: WATER FLOW INFORMATION **********************************************
MaxIt  TolTh  TolH   (maximum number of iterations and tolerances)
10   0.001   1
TopInf  WLayer  KodTop  lInitW  
t f -1 f 
BotInf  qGWLF  FreeD  SeepF  KodBot  qDrain  hSeep  
f f t f -1 f 0 
ha  hb  
1e-06 10000.0 
iModel  iHyst  
0 0 
   thr    ths   Alfa      n   Ks   l
0.0792 0.4418 0.0158 1.4145 8.18 0.5
0.1000 0.4418 0.0158 1.4145 8.18 0.5
0.2000 0.4418 0.0158 1.4145 8.18 0.5
*** BLOCK C: TIME INFORMATION ****************************************************
dt dtMin dtMax dMul dMul2 ItMin ItMax MPL 
0.4 1e-05 0.5 1.3 0.7 3 7 755 
tInit tMax 
0 756 
lPrint nPrintSteps tPrintInterval lEnter 
t 1 1 f 
TPrint(1),TPrint(2),...,TPrint(MPL)
1 2 3 4 5 6
7 8 9 10 11 12
13 14 15 16 17 18
19 20 21 22 23 24
25 26 27 28 29 30
31 32 33 34 35 36
37 38 39 40 41 42
43 44 45 46 47 48
49 50 51 52 53 54
55 56 57 58 59 60
61 62 63 64 65 66
67 68 69 70 71 72
73 74 75 76 77 78
79 80 81 82 83 84
85 86 87 88 89 90
91 92 93 94 95 96
97 98 99 100 101 102
103 104 105 106 107 108
109 110 111 112 113 114
115 116 117 118 119 120
121 122 123 124 125 126
127 128 129 130 131 132
133 134 135 136 137 138
139 140 141 142 143 144
145 146 147 148 149 150
151 152 153 154 155 156
157 158 159 160 161 162
163 164 165 166 167 168
169 170 171 172 173 174
175 176 177 178 179 180
181 182 183 184 185 186
187 188 189 190 191 192
193 194 195 196 197 198
199 200 201 202 203 204
205 206 207 208 209 210
211 212 213 214 215 216
217 218 219 220 221 222
223 224 225 226 227 228
229 230 231 232 233 234
235 236 237 238 239 240
241 242 243 244 245 246
247 248 249 250 251 252
253 254 255 256 257 258
259 260 261 262 263 264
265 266 267 268 269 270
271 272 273 274 275 276
277 278 279 280 281 282
283 284 285 286 287 288
289 290 291 292 293 294
295 296 297 298 299 300
301 302 303 304 305 306
307 308 309 310 311 312
313 314 315 316 317 318
319 320 321 322 323 324
325 326 327 328 329 330
331 332 333 334 335 336
337 338 339 340 341 342
343 344 345 346 347 348
349 350 351 352 353 354
355 356 357 358 359 360
361 362 363 364 365 366
367 368 369 370 371 372
373 374 375 376 377 378
379 380 381 382 383 384
385 386 387 388 389 390
391 392 393 394 395 396
397 398 399 400 401 402
403 404 405 406 407 408
409 410 411 412 413 414
415 416 417 418 419 420
421 422 423 424 425 426
427 428 429 430 431 432
433 434 435 436 437 438
439 440 441 442 443 444
445 446 447 448 449 450
451 452 453 454 455 456
457 458 459 460 461 462
463 464 465 466 467 468
469 470 471 472 473 474
475 476 477 478 479 480
481 482 483 484 485 486
487 488 489 490 491 492
493 494 495 496 497 498
499 500 501 502 503 504
505 506 507 508 509 510
511 512 513 514 515 516
517 518 519 520 521 522
523 524 525 526 527 528
529 530 531 532 533 534
535 536 537 538 539 540
541 542 543 544 545 546
547 548 549 550 551 552
553 554 555 556 557 558
559 560 561 562 563 564
565 566 567 568 569 570
571 572 573 574 575 576
577 578 579 580 581 582
583 584 585 586 587 588
589 590 591 592 593 594
595 596 597 598 599 600
601 602 603 604 605 606
607 608 609 610 611 612
613 614 615 616 617 618
619 620 621 622 623 624
625 626 627 628 629 630
631 632 633 634 635 636
637 638 639 640 641 642
643 644 645 646 647 648
649 650 651 652 653 654
655 656 657 658 659 660
661 662 663 664 665 666
667 668 669 670 671 672
673 674 675 676 677 678
679 680 681 682 683 684
685 686 687 688 689 690
691 692 693 694 695 696
697 698 699 700 701 702
703 704 705 706 707 708
709 710 711 712 713 714
715 716 717 718 719 720
721 722 723 724 725 726
727 728 729 730 731 732
733 734 735 736 737 738
739 740 741 742 743 744
745 746 747 748 749 750
751 752 753 754 755
*** BLOCK D: ROOT GROWTH INFORMATION *********************************************
iRootDepthEntry
1
nGrowth
756
Time RootDepth
1   0
2   0
3   0
4   0
5   0
6   0
7   0
8   0
9   0
10  0
11  0
12  0
13  0
14  0
15  0
16  0
17  0
18  0
19  0
20  0
21  0
22  0
23  0
24  0
25  0
26  0
27  0
28  0
29  0
30  0
31  0
32  0
33  0
34  0
35  0
36  0
37  0
38  0
39  0
40  0
41  0
42  0
43  0
44  0
45  0
46  0
47  0
48  0
49  0
50  0
51  0
52  0
53  0
54  0
55  0
56  0
57  0
58  0
59  0
60  10
61  10
62  10
63  10
64  10
65  10
66  10
67  10
68  10
69  10
70  10
71  10
72  10
73  10
74  10
75  10
76  10
77  10
78  10
79  10
80  10
81  10
82  10
83  10
84  10
85  10
86  10
87  10
88  10
89  10
90  10
91  15
92  15
93  15
94  15
95  15
96  15
97  15
98  15
99  15
100 15
101 15
102 15
103 15
104 15
105 15
106 15
107 15
108 15
109 15
110 15
111 15
112 15
113 15
114 15
115 15
116 15
117 15
118 15
119 15
120 15
121 25
122 25
123 25
124 25
125 25
126 25
127 25
128 25
129 25
130 25
131 25
132 25
133 25
134 25
135 25
136 25
137 25
138 25
139 25
140 25
141 25
142 25
143 25
144 25
145 25
146 25
147 25
148 25
149 25
150 25
151 25
152 35
153 35
154 35
155 35
156 35
157 35
158 35
159 35
160 35
161 35
162 35
163 35
164 35
165 35
166 35
167 35
168 35
169 35
170 35
171 35
172 35
173 35
174 35
175 35
176 35
177 35
178 35
179 35
180 35
181 35
182 45
183 45
184 45
185 45
186 45
187 45
188 45
189 45
190 45
191 45
192 45
193 45
194 45
195 45
196 45
197 45
198 45
199 45
200 45
201 45
202 45
203 45
204 45
205 45
206 45
207 45
208 45
209 45
210 45
211 45
212 45
213 50
214 50
215 50
216 50
217 50
218 50
219 50
220 50
221 50
222 50
223 50
224 50
225 50
226 50
227 50
228 50
229 50
230 50
231 50
232 50
233 50
234 50
235 50
236 50
237 50
238 50
239 50
240 50
241 50
242 50
243 50
244 55
245 55
246 55
247 55
248 55
249 55
250 55
251 55
252 55
253 55
254 55
255 55
256 55
257 55
258 55
259 55
260 55
261 55
262 55
263 55
264 55
265 55
266 55
267 55
268 55
269 55
270 55
271 55
272 55
273 55
274 0
275 0
276 0
277 0
278 0
279 0
280 0
281 0
282 0
283 0
284 0
285 0
286 0
287 0
288 0
289 0
290 0
291 0
292 0
293 0
294 0
295 0
296 0
297 0
298 0
299 0
300 0
301 0
302 0
303 0
304 0
305 0
306 0
307 0
308 0
309 0
310 0
311 0
312 0
313 0
314 0
315 0
316 0
317 0
318 0
319 0
320 0
321 0
322 0
323 0
324 0
325 0
326 0
327 0
328 0
329 0
330 0
331 0
332 0
333 0
334 0
335 0
336 0
337 0
338 0
339 0
340 0
341 0
342 0
343 0
344 0
345 0
346 0
347 0
348 0
349 0
350 0
351 0
352 0
353 0
354 0
355 0
356 0
357 0
358 0
359 0
360 0
361 0
362 0
363 0
364 0
365 0
366 0
367 0
368 0
369 0
370 0
371 0
372 0
373 0
374 0
375 0
376 0
377 0
378 0
379 0
380 0
381 0
382 0
383 0
384 0
385 0
386 0
387 0
388 0
389 0
390 0
391 0
392 0
393 0
394 0
395 0
396 0
397 0
398 0
399 0
400 0
401 0
402 0
403 0
404 0
405 0
406 0
407 0
408 0
409 0
410 0
411 0
412 0
413 0
414 0
415 0
416 0
417 0
418 0
419 0
420 0
421 0
422 0
423 0
424 0
425 0
426 10
427 10
428 10
429 10
430 10
431 10
432 10
433 10
434 10
435 10
436 10
437 10
438 10
439 10
440 10
441 10
442 10
443 10
444 10
445 10
446 10
447 10
448 10
449 10
450 10
451 10
452 10
453 10
454 10
455 10
456 10
457 15
458 15
459 15
460 15
461 15
462 15
463 15
464 15
465 15
466 15
467 15
468 15
469 15
470 15
471 15
472 15
473 15
474 15
475 15
476 15
477 15
478 15
479 15
480 15
481 15
482 15
483 15
484 15
485 15
486 15
487 25
488 25
489 25
490 25
491 25
492 25
493 25
494 25
495 25
496 25
497 25
498 25
499 25
500 25
501 25
502 25
503 25
504 25
505 25
506 25
507 25
508 25
509 25
510 25
511 25
512 25
513 25
514 25
515 25
516 25
517 25
518 35
519 35
520 35
521 35
522 35
523 35
524 35
525 35
526 35
527 35
528 35
529 35
530 35
531 35
532 35
533 35
534 35
535 35
536 35
537 35
538 35
539 35
540 35
541 35
542 35
543 35
544 35
545 35
546 35
547 35
548 45
549 45
550 45
551 45
552 45
553 45
554 45
555 45
556 45
557 45
558 45
559 45
560 45
561 45
562 45
563 45
564 45
565 45
566 45
567 45
568 45
569 45
570 45
571 45
572 45
573 45
574 45
575 45
576 45
577 45
578 45
579 50
580 50
581 50
582 50
583 50
584 50
585 50
586 50
587 50
588 50
589 50
590 50
591 50
592 50
593 50
594 50
595 50
596 50
597 50
598 50
599 50
600 50
601 50
602 50
603 50
604 50
605 50
606 50
607 50
608 50
609 50
610 55
611 55
612 55
613 55
614 55
615 55
616 55
617 55
618 55
619 55
620 55
621 55
622 55
623 55
624 55
625 55
626 55
627 55
628 55
629 55
630 55
631 55
632 55
633 55
634 55
635 55
636 55
637 55
638 55
639 55
640 0
641 0
642 0
643 0
644 0
645 0
646 0
647 0
648 0
649 0
650 0
651 0
652 0
653 0
654 0
655 0
656 0
657 0
658 0
659 0
660 0
661 0
662 0
663 0
664 0
665 0
666 0
667 0
668 0
669 0
670 0
671 0
672 0
673 0
674 0
675 0
676 0
677 0
678 0
679 0
680 0
681 0
682 0
683 0
684 0
685 0
686 0
687 0
688 0
689 0
690 0
691 0
692 0
693 0
694 0
695 0
696 0
697 0
698 0
699 0
700 0
701 0
702 0
703 0
704 0
705 0
706 0
707 0
708 0
709 0
710 0
711 0
712 0
713 0
714 0
715 0
716 0
717 0
718 0
719 0
720 0
721 0
722 0
723 0
724 0
725 0
726 0
727 0
728 0
729 0
730 0
731 0
732 0
733 0
734 0
735 0
736 0
737 0
738 0
739 0
740 0
741 0
742 0
743 0
744 0
745 0
746 0
747 0
748 0
749 0
750 0
751 0
752 0
753 0
754 0
755 0
756 0
*** BLOCK G: ROOT WATER UPTAKE INFORMATION ***************************************
iMoSink cRootMax OmegaC 
0    1    0.5
P0 P2H P2L P3 r2H r2L 
-1    -500    -900    -1600    0.5    0.1
POptm(1),POptm(2),...,POptm(NMat)
-1    -1    -1
*** BLOCK END OF INPUT FILE SELECTOR.IN ******************************************
