Pcp_File_Version=4
*** BLOCK A: BASIC INFORMATION ***************************************************
Created with Pydrus version 0.2.0
None
LUnit TUnit MUnit
mm
days
mmol
lWat  lChem  lTemp  lSink  lRoot  lShort  lWDep  lScreen  AtmInf  lEquil  lInverse  
t  f  f  t  t  t  f  f  t  t  f
lSnow  lHP1  lMeteo  lVapor  lActRSU  lFlux  lIrrig  
f  f  f  f  f  f  f
NMat NLay CosAlfa 
1 1 1
*** BLOCK B: WATER FLOW INFORMATION **********************************************
MaxIt  TolTh  TolH   (maximum number of iterations and tolerances)
10   0.001   1
TopInf  WLayer  KodTop  lInitW  
t f -1 f 
BotInf  qGWLF  FreeD  SeepF  KodBot  qDrain  hSeep  
f f t f -1 f 0 
ha  hb  
1e-06 10000.0 
iModel  iHyst  
0 0 
    thr      ths     Alfa        n  Ks          l
0.05353 0.465573 0.020014 1.544114 0.5 177.960533
*** BLOCK C: TIME INFORMATION ****************************************************
dt dtMin dtMax dMul dMul2 ItMin ItMax MPL 
0.4 1e-05 0.5 1.3 0.7 3 7 755 
tInit tMax 
0 756 
lPrint nPrintSteps tPrintInterval lEnter 
t 1 1 f 
TPrint(1),TPrint(2),...,TPrint(MPL)
1 2 3 4 5 6
7 8 9 10 11 12
13 14 15 16 17 18
19 20 21 22 23 24
25 26 27 28 29 30
31 32 33 34 35 36
37 38 39 40 41 42
43 44 45 46 47 48
49 50 51 52 53 54
55 56 57 58 59 60
61 62 63 64 65 66
67 68 69 70 71 72
73 74 75 76 77 78
79 80 81 82 83 84
85 86 87 88 89 90
91 92 93 94 95 96
97 98 99 100 101 102
103 104 105 106 107 108
109 110 111 112 113 114
115 116 117 118 119 120
121 122 123 124 125 126
127 128 129 130 131 132
133 134 135 136 137 138
139 140 141 142 143 144
145 146 147 148 149 150
151 152 153 154 155 156
157 158 159 160 161 162
163 164 165 166 167 168
169 170 171 172 173 174
175 176 177 178 179 180
181 182 183 184 185 186
187 188 189 190 191 192
193 194 195 196 197 198
199 200 201 202 203 204
205 206 207 208 209 210
211 212 213 214 215 216
217 218 219 220 221 222
223 224 225 226 227 228
229 230 231 232 233 234
235 236 237 238 239 240
241 242 243 244 245 246
247 248 249 250 251 252
253 254 255 256 257 258
259 260 261 262 263 264
265 266 267 268 269 270
271 272 273 274 275 276
277 278 279 280 281 282
283 284 285 286 287 288
289 290 291 292 293 294
295 296 297 298 299 300
301 302 303 304 305 306
307 308 309 310 311 312
313 314 315 316 317 318
319 320 321 322 323 324
325 326 327 328 329 330
331 332 333 334 335 336
337 338 339 340 341 342
343 344 345 346 347 348
349 350 351 352 353 354
355 356 357 358 359 360
361 362 363 364 365 366
367 368 369 370 371 372
373 374 375 376 377 378
379 380 381 382 383 384
385 386 387 388 389 390
391 392 393 394 395 396
397 398 399 400 401 402
403 404 405 406 407 408
409 410 411 412 413 414
415 416 417 418 419 420
421 422 423 424 425 426
427 428 429 430 431 432
433 434 435 436 437 438
439 440 441 442 443 444
445 446 447 448 449 450
451 452 453 454 455 456
457 458 459 460 461 462
463 464 465 466 467 468
469 470 471 472 473 474
475 476 477 478 479 480
481 482 483 484 485 486
487 488 489 490 491 492
493 494 495 496 497 498
499 500 501 502 503 504
505 506 507 508 509 510
511 512 513 514 515 516
517 518 519 520 521 522
523 524 525 526 527 528
529 530 531 532 533 534
535 536 537 538 539 540
541 542 543 544 545 546
547 548 549 550 551 552
553 554 555 556 557 558
559 560 561 562 563 564
565 566 567 568 569 570
571 572 573 574 575 576
577 578 579 580 581 582
583 584 585 586 587 588
589 590 591 592 593 594
595 596 597 598 599 600
601 602 603 604 605 606
607 608 609 610 611 612
613 614 615 616 617 618
619 620 621 622 623 624
625 626 627 628 629 630
631 632 633 634 635 636
637 638 639 640 641 642
643 644 645 646 647 648
649 650 651 652 653 654
655 656 657 658 659 660
661 662 663 664 665 666
667 668 669 670 671 672
673 674 675 676 677 678
679 680 681 682 683 684
685 686 687 688 689 690
691 692 693 694 695 696
697 698 699 700 701 702
703 704 705 706 707 708
709 710 711 712 713 714
715 716 717 718 719 720
721 722 723 724 725 726
727 728 729 730 731 732
733 734 735 736 737 738
739 740 741 742 743 744
745 746 747 748 749 750
751 752 753 754 755
*** BLOCK D: ROOT GROWTH INFORMATION *********************************************
iRootDepthEntry
1
nGrowth
756
Time RootDepth
1   0
2   0
3   0
4   0
5   0
6   0
7   0
8   0
9   0
10  0
11  0
12  0
13  0
14  0
15  0
16  0
17  0
18  0
19  0
20  0
21  0
22  0
23  0
24  0
25  0
26  0
27  0
28  0
29  0
30  0
31  0
32  0
33  0
34  0
35  0
36  0
37  0
38  0
39  0
40  0
41  0
42  0
43  0
44  0
45  0
46  0
47  0
48  0
49  0
50  0
51  0
52  0
53  0
54  0
55  0
56  0
57  0
58  0
59  0
60  0
61  0
62  0
63  0
64  0
65  0
66  0
67  0
68  0
69  0
70  0
71  0
72  0
73  0
74  0
75  0
76  0
77  0
78  0
79  0
80  0
81  0
82  0
83  0
84  0
85  0
86  0
87  0
88  0
89  0
90  0
91  10
92  10
93  10
94  10
95  10
96  10
97  10
98  10
99  10
100 10
101 10
102 10
103 10
104 10
105 10
106 10
107 10
108 10
109 10
110 10
111 10
112 10
113 10
114 10
115 10
116 10
117 10
118 10
119 10
120 10
121 20
122 20
123 20
124 20
125 20
126 20
127 20
128 20
129 20
130 20
131 20
132 20
133 20
134 20
135 20
136 20
137 20
138 20
139 20
140 20
141 20
142 20
143 20
144 20
145 20
146 20
147 20
148 20
149 20
150 20
151 20
152 30
153 30
154 30
155 30
156 30
157 30
158 30
159 30
160 30
161 30
162 30
163 30
164 30
165 30
166 30
167 30
168 30
169 30
170 30
171 30
172 30
173 30
174 30
175 30
176 30
177 30
178 30
179 30
180 30
181 30
182 30
183 30
184 30
185 30
186 30
187 30
188 30
189 30
190 30
191 30
192 30
193 30
194 30
195 30
196 30
197 30
198 30
199 30
200 30
201 30
202 30
203 30
204 30
205 30
206 30
207 30
208 30
209 30
210 30
211 30
212 30
213 30
214 30
215 30
216 30
217 30
218 30
219 30
220 30
221 30
222 30
223 30
224 30
225 30
226 30
227 30
228 30
229 30
230 30
231 30
232 30
233 30
234 30
235 30
236 30
237 30
238 30
239 30
240 30
241 30
242 30
243 30
244 0
245 0
246 0
247 0
248 0
249 0
250 0
251 0
252 0
253 0
254 0
255 0
256 0
257 0
258 0
259 0
260 0
261 0
262 0
263 0
264 0
265 0
266 0
267 0
268 0
269 0
270 0
271 0
272 0
273 0
274 0
275 0
276 0
277 0
278 0
279 0
280 0
281 0
282 0
283 0
284 0
285 0
286 0
287 0
288 0
289 0
290 0
291 0
292 0
293 0
294 0
295 0
296 0
297 0
298 0
299 0
300 0
301 0
302 0
303 0
304 0
305 0
306 0
307 0
308 0
309 0
310 0
311 0
312 0
313 0
314 0
315 0
316 0
317 0
318 0
319 0
320 0
321 0
322 0
323 0
324 0
325 0
326 0
327 0
328 0
329 0
330 0
331 0
332 0
333 0
334 0
335 0
336 0
337 0
338 0
339 0
340 0
341 0
342 0
343 0
344 0
345 0
346 0
347 0
348 0
349 0
350 0
351 0
352 0
353 0
354 0
355 0
356 0
357 0
358 0
359 0
360 0
361 0
362 0
363 0
364 0
365 0
366 0
367 0
368 0
369 0
370 0
371 0
372 0
373 0
374 0
375 0
376 0
377 0
378 0
379 0
380 0
381 0
382 0
383 0
384 0
385 0
386 0
387 0
388 0
389 0
390 0
391 0
392 0
393 0
394 0
395 0
396 0
397 0
398 0
399 0
400 0
401 0
402 0
403 0
404 0
405 0
406 0
407 0
408 0
409 0
410 0
411 0
412 0
413 0
414 0
415 0
416 0
417 0
418 0
419 0
420 0
421 0
422 0
423 0
424 0
425 0
426 0
427 0
428 0
429 0
430 0
431 0
432 0
433 0
434 0
435 0
436 0
437 0
438 0
439 0
440 0
441 0
442 0
443 0
444 0
445 0
446 0
447 0
448 0
449 0
450 0
451 0
452 0
453 0
454 0
455 0
456 0
457 10
458 10
459 10
460 10
461 10
462 10
463 10
464 10
465 10
466 10
467 10
468 10
469 10
470 10
471 10
472 10
473 10
474 10
475 10
476 10
477 10
478 10
479 10
480 10
481 10
482 10
483 10
484 10
485 10
486 10
487 20
488 20
489 20
490 20
491 20
492 20
493 20
494 20
495 20
496 20
497 20
498 20
499 20
500 20
501 20
502 20
503 20
504 20
505 20
506 20
507 20
508 20
509 20
510 20
511 20
512 20
513 20
514 20
515 20
516 20
517 20
518 30
519 30
520 30
521 30
522 30
523 30
524 30
525 30
526 30
527 30
528 30
529 30
530 30
531 30
532 30
533 30
534 30
535 30
536 30
537 30
538 30
539 30
540 30
541 30
542 30
543 30
544 30
545 30
546 30
547 30
548 30
549 30
550 30
551 30
552 30
553 30
554 30
555 30
556 30
557 30
558 30
559 30
560 30
561 30
562 30
563 30
564 30
565 30
566 30
567 30
568 30
569 30
570 30
571 30
572 30
573 30
574 30
575 30
576 30
577 30
578 30
579 30
580 30
581 30
582 30
583 30
584 30
585 30
586 30
587 30
588 30
589 30
590 30
591 30
592 30
593 30
594 30
595 30
596 30
597 30
598 30
599 30
600 30
601 30
602 30
603 30
604 30
605 30
606 30
607 30
608 30
609 30
610 0
611 0
612 0
613 0
614 0
615 0
616 0
617 0
618 0
619 0
620 0
621 0
622 0
623 0
624 0
625 0
626 0
627 0
628 0
629 0
630 0
631 0
632 0
633 0
634 0
635 0
636 0
637 0
638 0
639 0
640 0
641 0
642 0
643 0
644 0
645 0
646 0
647 0
648 0
649 0
650 0
651 0
652 0
653 0
654 0
655 0
656 0
657 0
658 0
659 0
660 0
661 0
662 0
663 0
664 0
665 0
666 0
667 0
668 0
669 0
670 0
671 0
672 0
673 0
674 0
675 0
676 0
677 0
678 0
679 0
680 0
681 0
682 0
683 0
684 0
685 0
686 0
687 0
688 0
689 0
690 0
691 0
692 0
693 0
694 0
695 0
696 0
697 0
698 0
699 0
700 0
701 0
702 0
703 0
704 0
705 0
706 0
707 0
708 0
709 0
710 0
711 0
712 0
713 0
714 0
715 0
716 0
717 0
718 0
719 0
720 0
721 0
722 0
723 0
724 0
725 0
726 0
727 0
728 0
729 0
730 0
731 0
732 0
733 0
734 0
735 0
736 0
737 0
738 0
739 0
740 0
741 0
742 0
743 0
744 0
745 0
746 0
747 0
748 0
749 0
750 0
751 0
752 0
753 0
754 0
755 0
756 0
*** BLOCK G: ROOT WATER UPTAKE INFORMATION ***************************************
iMoSink cRootMax OmegaC 
0    1    0.5
P0 P2H P2L P3 r2H r2L 
-1    -500    -900    -1600    0.5    0.1
POptm(1),POptm(2),...,POptm(NMat)
-1
*** BLOCK END OF INPUT FILE SELECTOR.IN ******************************************
